n1 = 9
n2 = 3 
n3 = 1
n4 = 3
n = 11
rand("seed", 9313);  
T = rand(n,n) + rand(n,n); 
A = floor((1.0 - n3*0.01 - n4*0.01 - 0.3)*T)


//output 
0.   0.   0.   0.   0.   0.   0.   0.   0.   0.   1.
1.   1.   0.   0.   1.   0.   0.   0.   0.   0.   0.
0.   0.   1.   0.   1.   0.   0.   0.   0.   0.   0.
0.   0.   0.   1.   1.   0.   0.   0.   0.   0.   0.
0.   0.   0.   0.   0.   0.   1.   0.   0.   0.   0.
0.   0.   0.   0.   0.   1.   1.   0.   0.   0.   0.
0.   0.   0.   0.   0.   1.   0.   0.   0.   0.   0.
0.   0.   0.   0.   0.   0.   0.   0.   0.   0.   0.
0.   0.   0.   0.   0.   0.   1.   1.   0.   0.   0.
0.   0.   0.   0.   0.   0.   0.   0.   0.   0.   1.
0.   0.   0.   0.   0.   0.   1.   0.   0.   0.   1.